.i 12
.o 1
.p 990
.ilb x0 x1 x2 x3 x4 x5 x6 x7 x8 x9 x10 x11
.ob out
11111---11-1 1
011111--11-1 1
0111101-11-1 1
0111100111-1 1
011110001111 1
11111---0111 1
011111--0111 1
0111101-0111 1
011110010111 1
111111--0101 1
0111111-0101 1
011111010101 1
1111101-0101 1
011110110101 1
111110010101 1
111101---111 1
1111001--111 1
11110001-111 1
111100001111 1
0111011--111 1
01110011-111 1
011100101111 1
0111010-1111 1
011100011111 1
011101010111 1
11110--11101 1
011101-11101 1
011100111101 1
111101-10101 1
011101110101 1
111100110101 1
111101-01101 1
111100101101 1
111101100101 1
011101101101 1
11111---1110 1
111101--1110 1
1111001-1110 1
111100011110 1
111111--1100 1
1111011-1100 1
111101011100 1
1111101-1100 1
111100111100 1
111110011100 1
0111111-11-0 1
0111101111-0 1
011110101110 1
0111011111-0 1
011101101110 1
011100111110 1
0111110111-0 1
011101011110 1
011110011110 1
011111001110 1
11111-1-0110 1
0111111-0110 1
011110110110 1
1111110-0110 1
111110010110 1
011111010110 1
1111011-0110 1
111101010110 1
011101110110 1
111100110110 1
11111-110100 1
111101110100 1
111111010100 1
011111110100 1
111111100100 1
011100000100 1
1101-11-111- 1
0101111-111- 1
01010111111- 1
010101101111 1
1101111-110- 1
11010111110- 1
110101101101 1
01011111110- 1
010101111101 1
010111101101 1
1101111-01-1 1
0101111101-1 1
010111100111 1
1101011101-1 1
010101110111 1
110101100111 1
1101111101-0 1
010111110110 1
110101110110 1
110111100110 1
1101110-11-1 1
1101010111-1 1
110101001111 1
0101110111-1 1
010111001111 1
010101011111 1
1101110-0111 1
010111010111 1
110111010101 1
110101010111 1
1101110111-0 1
110111010110 1
110101011110 1
010111011110 1
110111001110 1
010101000100 1
11011011-11- 1
11011001111- 1
110110010111 1
11010011111- 1
110100110111 1
110100011111 1
11011010111- 1
110100101111 1
110110100111 1
110110001111 1
11011011110- 1
110110011101 1
110110110101 1
110110101101 1
110100111101 1
110100000100 1
0101101111-1 1
010100111111 1
010110101111 1
010110110111 1
010110111110 1
010100100100 1
010110011111 1
010100000110 1
010110000100 1
010100010100 1
010100001100 1
01010000010- 1
111011-1-11- 1
11101011-11- 1
11101001111- 1
111010010111 1
110011-1111- 1
11001011111- 1
110010011111 1
11001111011- 1
110010110111 1
110011010111 1
111011-0-111 1
11001110-111 1
110011001111 1
11101010-111 1
110010101111 1
111010001111 1
11101110-110 1
111010101110 1
111011001110 1
110011101110 1
011011-1111- 1
01001111111- 1
010011011111 1
011011-10111 1
010011110111 1
011011110110 1
01101011111- 1
010010111111 1
011010110111 1
011010011111 1
01101110-111 1
011010101111 1
011011101110 1
010011101111 1
011011001111 1
010010000110 1
1110011-111- 1
01100111111- 1
011001101111 1
11100101111- 1
011001011111 1
111001001111 1
1110001-1111 1
011000111111 1
111000011111 1
111000111110 1
11000111111- 1
110000111111 1
110001011111 1
110001101111 1
010001111111 1
010000001110 1
1110011-0111 1
111000110111 1
110001110111 1
111001010111 1
011001110111 1
010000000111 1
111001110110 1
010001000110 1
110000000110 1
010000100110 1
011000000110 1
0100000-0110 1
1110--111101 1
01101-111101 1
011001111101 1
1110-1101101 1
011011101101 1
111010101101 1
11101-011101 1
011011011101 1
111001011101 1
111011001101 1
11101-111100 1
111001111100 1
111011011100 1
011011111100 1
111011101100 1
011000001100 1
1100111-1101 1
110011011101 1
010011111101 1
110011111100 1
110010111101 1
010010001100 1
110001111101 1
110000001100 1
010001001100 1
010000011100 1
010000101100 1
01000000110- 1
111011-10101 1
111001110101 1
110011110101 1
111010110101 1
111011100101 1
110000000101 1
111011110100 1
110001000100 1
111000000100 1
110010000100 1
110000100100 1
1100000-0100 1
011011110101 1
010000110100 1
010001010100 1
011000010100 1
010010010100 1
01000001010- 1
011010000100 1
011000100100 1
011001000100 1
01100000010- 1
010001100100 1
010011000100 1
01000100010- 1
010010100100 1
01001000010- 1
010000-0010- 1
111111--10-1 1
0111111-10-1 1
0111110110-1 1
011111001011 1
1111111-10-0 1
1111110110-0 1
111111001010 1
0111111110-0 1
011111101010 1
011111011010 1
1101111110-- 1
11011110101- 1
110111101001 1
01011111101- 1
010111111001 1
010111101011 1
11011101101- 1
110111001011 1
110111011001 1
010111011011 1
11-011-11011 1
011011-11011 1
010011111011 1
11-011111001 1
011011111001 1
111011011001 1
1110111010-1 1
111011001011 1
011011101011 1
110011101011 1
1110111110-0 1
111011101010 1
011011111010 1
111011011010 1
110011111010 1
010011001000 1
11-1101110-1 1
0111101110-1 1
010110111011 1
11-010111011 1
011010111011 1
111010111001 1
1111101110-0 1
110110111010 1
111010111010 1
011110111010 1
1111101010-1 1
111010101011 1
011110101011 1
111110101010 1
110110101011 1
010010101000 1
1111100110-1 1
011110011011 1
111110001011 1
111010011011 1
111110011010 1
011010001000 1
110110011011 1
010110001000 1
010010001010 1
010010011000 1
110010001000 1
01001000100- 1
1111111100-- 1
01111111001- 1
011111110001 1
11111011001- 1
111110110001 1
011110110011 1
11101111001- 1
011011110011 1
111011110001 1
111010110011 1
110-11110011 1
010111110011 1
110110110011 1
110111110001 1
110111110010 1
010010110000 1
11111-010011 1
111011010011 1
011111010011 1
110111010011 1
111111010010 1
010010010010 1
111111010001 1
110010010000 1
011010010000 1
010110010000 1
010011010000 1
01001001000- 1
111111-00011 1
111110100011 1
111011100011 1
111111100001 1
110111100011 1
110010000001 1
111111100010 1
110011000000 1
110010100000 1
111010000000 1
110110000000 1
1100100000-0 1
011111100011 1
011010000010 1
011011000000 1
011010000001 1
011110000000 1
011010-00000 1
010110100000 1
010011100000 1
010010100010 1
01001010000- 1
010111000000 1
010110000010 1
01011000000- 1
010011000010 1
01001100000- 1
0100100000-- 1
11110111-0-1 1
1111011010-1 1
111101100011 1
11010111-011 1
110101101011 1
110101111001 1
1111010110-1 1
111101001011 1
111101010011 1
110101011011 1
0111011-1011 1
011101011011 1
011101111001 1
011101110011 1
010101111011 1
010101000001 1
1110011-1011 1
011001111011 1
110001111011 1
111001110011 1
111001111001 1
010001100001 1
111001011011 1
010001010001 1
010001000011 1
110001000001 1
011001000001 1
01000100-001 1
1111011110-0 1
111101011010 1
111001111010 1
111101110010 1
111101101010 1
111001000000 1
110101111010 1
110001000010 1
110101000000 1
110001100000 1
110001010000 1
11000100-000 1
011101111010 1
011101000000 1
011001000010 1
011001100000 1
011001010000 1
01100100-000 1
010001011000 1
010001110000 1
010101010000 1
0100010100-0 1
010001101000 1
010101100000 1
0100011000-0 1
010101001000 1
0101010000-0 1
01000100-0-0 1
111-00111011 1
011100111011 1
111100111010 1
110100111011 1
111100110011 1
010000110010 1
111100011011 1
011000010010 1
110000010010 1
010100010010 1
010000011010 1
01000001001- 1
111100111001 1
011000110000 1
011100010000 1
111000010000 1
011000011000 1
01100001000- 1
110000011000 1
010100011000 1
010000111000 1
01000001100- 1
110000110000 1
110100010000 1
11000001000- 1
010100110000 1
01010001000- 1
010000-1000- 1
111100101011 1
010000100011 1
010100000011 1
011000000011 1
110000000011 1
01000000-011 1
010100001010 1
110000001010 1
011000001010 1
010000-01010 1
110000100010 1
011000100010 1
010-00100010 1
111000000010 1
110-00000010 1
01--00000010 1
111000000001 1
111100000000 1
111000100000 1
11100000-000 1
110100100000 1
110000101000 1
11000010000- 1
110100001000 1
11010000000- 1
11000000-00- 1
011000001001 1
010100001001 1
010000-01001 1
011100001000 1
011000-01000 1
010-00-01000 1
011100100000 1
01110000000- 1
011000-0000- 1
010-00-0000- 1
1011-1111--1 1
101011111--1 1
1010011111-1 1
101001111011 1
001111111--1 1
0011011111-1 1
001101111011 1
0010111111-1 1
001011111011 1
001001111111 1
101111110--1 1
1011011101-1 1
101101110011 1
0011111101-1 1
001101110111 1
001111110011 1
1010111101-1 1
101001110111 1
001011110111 1
101011110011 1
1011-110-111 1
00111110-111 1
001101101111 1
1010-1101111 1
001011101111 1
101011100111 1
10111110-101 1
101101101101 1
101011101101 1
001111101101 1
10111110-011 1
101011101011 1
001111101011 1
101101101011 1
101111101001 1
001001100001 1
1011-01-1111 1
1010101-1111 1
101000111111 1
1011101-1011 1
101010111011 1
101100111011 1
101110111-01 1
101110101101 1
101100111101 1
101010111101 1
1011101101-1 1
101110110011 1
101110100111 1
101010110111 1
101100110111 1
101000100001 1
0011101111-1 1
001100111111 1
001010111111 1
001110101111 1
001110111011 1
001000101001 1
001110110111 1
001100100001 1
001000100101 1
001010100001 1
001000110001 1
0010001000-1 1
10111101--11 1
101110011-11 1
101110010111 1
101111011-01 1
101111010101 1
101110011101 1
1011010111-1 1
101101010111 1
101100011111 1
101101011011 1
001111011-11 1
001110011111 1
001111010111 1
001111011101 1
001101011111 1
001100010001 1
101011011-11 1
001011011111 1
101001011111 1
101011011101 1
101010011111 1
001000011001 1
101011010111 1
001010010001 1
001001010001 1
001000010011 1
101000010001 1
001000010-01 1
101-11001111 1
001111001111 1
101111001011 1
101101001111 1
101111001101 1
001001001001 1
101110001111 1
001000001101 1
001100001001 1
001000001011 1
101000001001 1
0010-0001001 1
101111000111 1
101010000001 1
001110000001 1
001011000001 1
001010000101 1
0010100000-1 1
001000000111 1
101000000011 1
001100000011 1
00100-000011 1
101001000001 1
001101000001 1
001001000-01 1
101100000001 1
101000000-01 1
001-00000-01 1
100111--1111 1
0001111-1111 1
000111011111 1
1001111-1101 1
000111111101 1
100111011101 1
1001101111-1 1
100110101111 1
100110011111 1
000110111111 1
1001111-0111 1
100110110111 1
000111110111 1
100111110101 1
100111010111 1
000110000101 1
10010-111111 1
000101111111 1
100101110111 1
100101101111 1
100101011111 1
000100000111 1
100101111101 1
000100100101 1
000101000101 1
000100001101 1
100100000101 1
0001000-0101 1
1001111-1011 1
100110111011 1
100111011011 1
100111110011 1
100101111011 1
100100000011 1
100111111001 1
100100010001 1
100100100001 1
100110000001 1
100101000001 1
10010000-001 1
000111111011 1
000101100001 1
000100101001 1
000110100001 1
000100110001 1
0001001000-1 1
000101000011 1
000100001011 1
000110000011 1
0001000-0011 1
000111000001 1
000110010001 1
00011000-001 1
000101010001 1
00010100-001 1
0001000--001 1
100011-11111 1
100001111111 1
100010111111 1
100011111101 1
000011111111 1
000000011101 1
100011101111 1
000001001101 1
000000001111 1
000010001101 1
100000001101 1
000000-01101 1
100011111011 1
000000111001 1
000001101001 1
000000101011 1
100000101001 1
0000-0101001 1
000011001001 1
000001011001 1
100001001001 1
0000010010-1 1
100000011001 1
100010001001 1
1000000010-1 1
000010011001 1
0000100010-1 1
0000000-10-1 1
100011110111 1
100010100001 1
100001100001 1
100000100011 1
100000110001 1
100000100-01 1
100001000101 1
100001000011 1
100011000001 1
1000010-0001 1
100000010101 1
100010010001 1
1000000100-1 1
100010000101 1
1000100000-1 1
100000000--1 1
000010010011 1
000011010001 1
000010110001 1
000010010-01 1
000011100001 1
000011000101 1
0000110000-1 1
000010100101 1
0000101000-1 1
000010000--1 1
000000100111 1
000001100101 1
0000001-0101 1
000001110001 1
0000011000-1 1
0000001-00-1 1
000001010101 1
0000010100-1 1
000001000--1 1
0000000-0--1 1
10111111--10 1
101101111-10 1
101101110110 1
101110111-10 1
101110110110 1
101100111110 1
10111-011110 1
101101011110 1
101111011010 1
101111010110 1
101011-11110 1
101001111110 1
101011110110 1
101010111110 1
101011111010 1
101000010010 1
100111111-10 1
100111110110 1
100011111110 1
100111011110 1
100110111110 1
100010010010 1
100101111110 1
100000010110 1
100000011010 1
100000110010 1
100100010010 1
10000-010010 1
001111-11110 1
001011111110 1
001111110110 1
001101111110 1
001111111010 1
001001010010 1
000111111110 1
000001110010 1
000001011010 1
000011010010 1
000101010010 1
000001010-10 1
001110111110 1
000010010110 1
000010011010 1
000010110010 1
001010010010 1
000-10010010 1
000100110010 1
000100011010 1
001100010010 1
000100010-10 1
000000111010 1
001000011010 1
000000011-10 1
001000110010 1
001000010-10 1
000000-10-10 1
101111111-00 1
100111111100 1
101111011100 1
001111111100 1
101110111100 1
000110011000 1
101011111100 1
100010011000 1
000010011100 1
001010011000 1
000011011000 1
000010-11000 1
101111110100 1
000010110100 1
100010110000 1
001010110000 1
000110110000 1
00001-110000 1
000011010100 1
000111010000 1
100011010000 1
00-011010000 1
001010010100 1
100010010100 1
000-10010100 1
101010010000 1
100-10010000 1
00--10010000 1
101101111100 1
100100011000 1
000100111000 1
000100011100 1
001100011000 1
00010-011000 1
100100010100 1
100101010000 1
101100010000 1
100100-10000 1
000101110000 1
001101010000 1
000101010-00 1
001100110000 1
001100010-00 1
000100-10-00 1
100001110000 1
100000111000 1
101000110000 1
100000110-00 1
101000011000 1
100001011000 1
100000011-00 1
101001010000 1
101000010-00 1
10000-010-00 1
001001110000 1
001001011000 1
001001010-00 1
000001111000 1
000001110-00 1
00000101--00 1
001000111000 1
001000110-00 1
00100001--00 1
000000-1--00 1
10111110-110 1
100111101110 1
101111101010 1
101111101100 1
001111101110 1
000111100000 1
101110101110 1
001110100000 1
000110100100 1
100110100000 1
000110101000 1
0001101000-0 1
101101101110 1
000100101010 1
100100101000 1
000101101000 1
001100101000 1
000100101-00 1
101100100000 1
001101100000 1
001100100100 1
0011001000-0 1
000100100110 1
100100100100 1
00010-100100 1
100101100000 1
1001001000-0 1
00010-1000-0 1
101011101110 1
100000100110 1
100000101100 1
101000100100 1
100010100100 1
10000-100100 1
100001101000 1
101000101000 1
100010101000 1
1000001010-0 1
101010100000 1
101001100000 1
1010001000-0 1
100011100000 1
1000101000-0 1
10000-1000-0 1
001000100110 1
000001100110 1
000010100110 1
00000010-110 1
001001100010 1
000011100010 1
00000110-010 1
001010100010 1
00100010-010 1
0000-010-010 1
001010101000 1
001011100000 1
001010100-00 1
000011101000 1
000011100-00 1
00001010--00 1
001001101000 1
001001100-00 1
00100010--00 1
00000-10--00 1
101111001110 1
100101001000 1
100001001010 1
100001001100 1
101001001000 1
1000-1001000 1
100011000100 1
100011000010 1
101011000000 1
100-11000000 1
101101000000 1
101001000100 1
1010010000-0 1
100101000100 1
1001010000-0 1
100001000--0 1
001011000100 1
000111000100 1
000011001100 1
0000110001-0 1
000101000110 1
001001000110 1
00000100-110 1
001101000100 1
00100100-100 1
000-0100-100 1
001011000010 1
000111000010 1
00001100-010 1
001111000000 1
00101100-000 1
000-1100-000 1
001101001000 1
0011010000-0 1
00100100-0-0 1
000-0100-0-0 1
000110001010 1
000100001110 1
100100001010 1
00-100001010 1
101100001000 1
100110001000 1
100100001-00 1
001110001000 1
001100001-00 1
0001-0001-00 1
100010001010 1
101010001000 1
100010001-00 1
101000001100 1
1010000010-0 1
100000001--0 1
001010001100 1
0010100010-0 1
001000001--0 1
0000-0001--0 1
001010000110 1
101010000100 1
001-10000100 1
100110000100 1
1000100001-0 1
000-100001-0 1
101110000000 1
1010100000-0 1
100-100000-0 1
00--100000-0 1
101100000100 1
1011000000-0 1
101000000--0 1
100-00000--0 1
00--00000--0 1
.e
