.i 11
.o 1
.p 330
.ilb x0 x1 x2 x3 x4 x5 x6 x7 x8 x9 x10
.ob out
11111111--- 1
111111101-- 1
1111111001- 1
11111110001 1
111111011-- 1
1111110101- 1
11111101001 1
1111110011- 1
11111100101 1
11111100011 1
111110111-- 1
1111101101- 1
11111011001 1
1111101011- 1
11111010101 1
11111010011 1
1111100111- 1
11111001101 1
11111001011 1
11111000111 1
111101111-- 1
1111011101- 1
11110111001 1
1111011011- 1
11110110101 1
11110110011 1
1111010111- 1
11110101101 1
11110101011 1
11110100111 1
1111001111- 1
11110011101 1
11110011011 1
11110010111 1
11110001111 1
111011111-- 1
1110111101- 1
11101111001 1
1110111011- 1
11101110101 1
11101110011 1
1110110111- 1
11101101101 1
11101101011 1
11101100111 1
1110101111- 1
11101011101 1
11101011011 1
11101010111 1
11101001111 1
1110011111- 1
11100111101 1
11100111011 1
11100110111 1
11100101111 1
11100011111 1
11100000000 1
110111111-- 1
1101111101- 1
11011111001 1
1101111011- 1
11011110101 1
11011110011 1
1101110111- 1
11011101101 1
11011101011 1
11011100111 1
1101101111- 1
11011011101 1
11011011011 1
11011010111 1
11011001111 1
1101011111- 1
11010111101 1
11010111011 1
11010110111 1
11010101111 1
11010011111 1
11010000000 1
1100111111- 1
11001111101 1
11001111011 1
11001110111 1
11001101111 1
11001011111 1
11001000000 1
11000111111 1
11000100000 1
11000010000 1
11000001000 1
11000000100 1
11000000010 1
1100000000- 1
101111111-- 1
1011111101- 1
10111111001 1
1011111011- 1
10111110101 1
10111110011 1
1011110111- 1
10111101101 1
10111101011 1
10111100111 1
1011101111- 1
10111011101 1
10111011011 1
10111010111 1
10111001111 1
1011011111- 1
10110111101 1
10110111011 1
10110110111 1
10110101111 1
10110011111 1
10110000000 1
1010111111- 1
10101111101 1
10101111011 1
10101110111 1
10101101111 1
10101011111 1
10101000000 1
10100111111 1
10100100000 1
10100010000 1
10100001000 1
10100000100 1
10100000010 1
1010000000- 1
1001111111- 1
10011111101 1
10011111011 1
10011110111 1
10011101111 1
10011011111 1
10011000000 1
10010111111 1
10010100000 1
10010010000 1
10010001000 1
10010000100 1
10010000010 1
1001000000- 1
10001111111 1
10001100000 1
10001010000 1
10001001000 1
10001000100 1
10001000010 1
1000100000- 1
10000110000 1
10000101000 1
10000100100 1
10000100010 1
1000010000- 1
10000011000 1
10000010100 1
10000010010 1
1000001000- 1
10000001100 1
10000001010 1
1000000100- 1
10000000110 1
1000000010- 1
100000000-- 1
011111111-- 1
0111111101- 1
01111111001 1
0111111011- 1
01111110101 1
01111110011 1
0111110111- 1
01111101101 1
01111101011 1
01111100111 1
0111101111- 1
01111011101 1
01111011011 1
01111010111 1
01111001111 1
0111011111- 1
01110111101 1
01110111011 1
01110110111 1
01110101111 1
01110011111 1
01110000000 1
0110111111- 1
01101111101 1
01101111011 1
01101110111 1
01101101111 1
01101011111 1
01101000000 1
01100111111 1
01100100000 1
01100010000 1
01100001000 1
01100000100 1
01100000010 1
0110000000- 1
0101111111- 1
01011111101 1
01011111011 1
01011110111 1
01011101111 1
01011011111 1
01011000000 1
01010111111 1
01010100000 1
01010010000 1
01010001000 1
01010000100 1
01010000010 1
0101000000- 1
01001111111 1
01001100000 1
01001010000 1
01001001000 1
01001000100 1
01001000010 1
0100100000- 1
01000110000 1
01000101000 1
01000100100 1
01000100010 1
0100010000- 1
01000011000 1
01000010100 1
01000010010 1
0100001000- 1
01000001100 1
01000001010 1
0100000100- 1
01000000110 1
0100000010- 1
010000000-- 1
0011111111- 1
00111111101 1
00111111011 1
00111110111 1
00111101111 1
00111011111 1
00111000000 1
00110111111 1
00110100000 1
00110010000 1
00110001000 1
00110000100 1
00110000010 1
0011000000- 1
00101111111 1
00101100000 1
00101010000 1
00101001000 1
00101000100 1
00101000010 1
0010100000- 1
00100110000 1
00100101000 1
00100100100 1
00100100010 1
0010010000- 1
00100011000 1
00100010100 1
00100010010 1
0010001000- 1
00100001100 1
00100001010 1
0010000100- 1
00100000110 1
0010000010- 1
001000000-- 1
00011111111 1
00011100000 1
00011010000 1
00011001000 1
00011000100 1
00011000010 1
0001100000- 1
00010110000 1
00010101000 1
00010100100 1
00010100010 1
0001010000- 1
00010011000 1
00010010100 1
00010010010 1
0001001000- 1
00010001100 1
00010001010 1
0001000100- 1
00010000110 1
0001000010- 1
000100000-- 1
00001110000 1
00001101000 1
00001100100 1
00001100010 1
0000110000- 1
00001011000 1
00001010100 1
00001010010 1
0000101000- 1
00001001100 1
00001001010 1
0000100100- 1
00001000110 1
0000100010- 1
000010000-- 1
00000111000 1
00000110100 1
00000110010 1
0000011000- 1
00000101100 1
00000101010 1
0000010100- 1
00000100110 1
0000010010- 1
000001000-- 1
00000011100 1
00000011010 1
0000001100- 1
00000010110 1
0000001010- 1
000000100-- 1
00000001110 1
0000000110- 1
000000010-- 1
00000000--- 1
.e
