.i 12
.o 1
.p 440
.ilb x0 x1 x2 x3 x4 x5 x6 x7 x8 x9 x10 x11
.ob out
111111111--- 1
1111111101-- 1
11111111001- 1
111111110001 1
1111111011-- 1
11111110101- 1
111111101001 1
11111110011- 1
111111100101 1
111111100011 1
1111110111-- 1
11111101101- 1
111111011001 1
11111101011- 1
111111010101 1
111111010011 1
11111100111- 1
111111001101 1
111111001011 1
111111000111 1
1111101111-- 1
11111011101- 1
111110111001 1
11111011011- 1
111110110101 1
111110110011 1
11111010111- 1
111110101101 1
111110101011 1
111110100111 1
11111001111- 1
111110011101 1
111110011011 1
111110010111 1
111110001111 1
1111011111-- 1
11110111101- 1
111101111001 1
11110111011- 1
111101110101 1
111101110011 1
11110110111- 1
111101101101 1
111101101011 1
111101100111 1
11110101111- 1
111101011101 1
111101011011 1
111101010111 1
111101001111 1
11110011111- 1
111100111101 1
111100111011 1
111100110111 1
111100101111 1
111100011111 1
1110111111-- 1
11101111101- 1
111011111001 1
11101111011- 1
111011110101 1
111011110011 1
11101110111- 1
111011101101 1
111011101011 1
111011100111 1
11101101111- 1
111011011101 1
111011011011 1
111011010111 1
111011001111 1
11101011111- 1
111010111101 1
111010111011 1
111010110111 1
111010101111 1
111010011111 1
11100111111- 1
111001111101 1
111001111011 1
111001110111 1
111001101111 1
111001011111 1
111000111111 1
111000000000 1
1101111111-- 1
11011111101- 1
110111111001 1
11011111011- 1
110111110101 1
110111110011 1
11011110111- 1
110111101101 1
110111101011 1
110111100111 1
11011101111- 1
110111011101 1
110111011011 1
110111010111 1
110111001111 1
11011011111- 1
110110111101 1
110110111011 1
110110110111 1
110110101111 1
110110011111 1
11010111111- 1
110101111101 1
110101111011 1
110101110111 1
110101101111 1
110101011111 1
110100111111 1
110100000000 1
11001111111- 1
110011111101 1
110011111011 1
110011110111 1
110011101111 1
110011011111 1
110010111111 1
110010000000 1
110001111111 1
110001000000 1
110000100000 1
110000010000 1
110000001000 1
110000000100 1
110000000010 1
11000000000- 1
1011111111-- 1
10111111101- 1
101111111001 1
10111111011- 1
101111110101 1
101111110011 1
10111110111- 1
101111101101 1
101111101011 1
101111100111 1
10111101111- 1
101111011101 1
101111011011 1
101111010111 1
101111001111 1
10111011111- 1
101110111101 1
101110111011 1
101110110111 1
101110101111 1
101110011111 1
10110111111- 1
101101111101 1
101101111011 1
101101110111 1
101101101111 1
101101011111 1
101100111111 1
101100000000 1
10101111111- 1
101011111101 1
101011111011 1
101011110111 1
101011101111 1
101011011111 1
101010111111 1
101010000000 1
101001111111 1
101001000000 1
101000100000 1
101000010000 1
101000001000 1
101000000100 1
101000000010 1
10100000000- 1
10011111111- 1
100111111101 1
100111111011 1
100111110111 1
100111101111 1
100111011111 1
100110111111 1
100110000000 1
100101111111 1
100101000000 1
100100100000 1
100100010000 1
100100001000 1
100100000100 1
100100000010 1
10010000000- 1
100011111111 1
100011000000 1
100010100000 1
100010010000 1
100010001000 1
100010000100 1
100010000010 1
10001000000- 1
100001100000 1
100001010000 1
100001001000 1
100001000100 1
100001000010 1
10000100000- 1
100000110000 1
100000101000 1
100000100100 1
100000100010 1
10000010000- 1
100000011000 1
100000010100 1
100000010010 1
10000001000- 1
100000001100 1
100000001010 1
10000000100- 1
100000000110 1
10000000010- 1
1000000000-- 1
0111111111-- 1
01111111101- 1
011111111001 1
01111111011- 1
011111110101 1
011111110011 1
01111110111- 1
011111101101 1
011111101011 1
011111100111 1
01111101111- 1
011111011101 1
011111011011 1
011111010111 1
011111001111 1
01111011111- 1
011110111101 1
011110111011 1
011110110111 1
011110101111 1
011110011111 1
01110111111- 1
011101111101 1
011101111011 1
011101110111 1
011101101111 1
011101011111 1
011100111111 1
011100000000 1
01101111111- 1
011011111101 1
011011111011 1
011011110111 1
011011101111 1
011011011111 1
011010111111 1
011010000000 1
011001111111 1
011001000000 1
011000100000 1
011000010000 1
011000001000 1
011000000100 1
011000000010 1
01100000000- 1
01011111111- 1
010111111101 1
010111111011 1
010111110111 1
010111101111 1
010111011111 1
010110111111 1
010110000000 1
010101111111 1
010101000000 1
010100100000 1
010100010000 1
010100001000 1
010100000100 1
010100000010 1
01010000000- 1
010011111111 1
010011000000 1
010010100000 1
010010010000 1
010010001000 1
010010000100 1
010010000010 1
01001000000- 1
010001100000 1
010001010000 1
010001001000 1
010001000100 1
010001000010 1
01000100000- 1
010000110000 1
010000101000 1
010000100100 1
010000100010 1
01000010000- 1
010000011000 1
010000010100 1
010000010010 1
01000001000- 1
010000001100 1
010000001010 1
01000000100- 1
010000000110 1
01000000010- 1
0100000000-- 1
00111111111- 1
001111111101 1
001111111011 1
001111110111 1
001111101111 1
001111011111 1
001110111111 1
001110000000 1
001101111111 1
001101000000 1
001100100000 1
001100010000 1
001100001000 1
001100000100 1
001100000010 1
00110000000- 1
001011111111 1
001011000000 1
001010100000 1
001010010000 1
001010001000 1
001010000100 1
001010000010 1
00101000000- 1
001001100000 1
001001010000 1
001001001000 1
001001000100 1
001001000010 1
00100100000- 1
001000110000 1
001000101000 1
001000100100 1
001000100010 1
00100010000- 1
001000011000 1
001000010100 1
001000010010 1
00100001000- 1
001000001100 1
001000001010 1
00100000100- 1
001000000110 1
00100000010- 1
0010000000-- 1
000111111111 1
000111000000 1
000110100000 1
000110010000 1
000110001000 1
000110000100 1
000110000010 1
00011000000- 1
000101100000 1
000101010000 1
000101001000 1
000101000100 1
000101000010 1
00010100000- 1
000100110000 1
000100101000 1
000100100100 1
000100100010 1
00010010000- 1
000100011000 1
000100010100 1
000100010010 1
00010001000- 1
000100001100 1
000100001010 1
00010000100- 1
000100000110 1
00010000010- 1
0001000000-- 1
000011100000 1
000011010000 1
000011001000 1
000011000100 1
000011000010 1
00001100000- 1
000010110000 1
000010101000 1
000010100100 1
000010100010 1
00001010000- 1
000010011000 1
000010010100 1
000010010010 1
00001001000- 1
000010001100 1
000010001010 1
00001000100- 1
000010000110 1
00001000010- 1
0000100000-- 1
000001110000 1
000001101000 1
000001100100 1
000001100010 1
00000110000- 1
000001011000 1
000001010100 1
000001010010 1
00000101000- 1
000001001100 1
000001001010 1
00000100100- 1
000001000110 1
00000100010- 1
0000010000-- 1
000000111000 1
000000110100 1
000000110010 1
00000011000- 1
000000101100 1
000000101010 1
00000010100- 1
000000100110 1
00000010010- 1
0000001000-- 1
000000011100 1
000000011010 1
00000001100- 1
000000010110 1
00000001010- 1
0000000100-- 1
000000001110 1
00000000110- 1
0000000010-- 1
000000000--- 1
.e
