.i 10
.o 1
.p 90
.ilb x0 x1 x2 x3 x4 x5 x6 x7 x8 x9
.ob out
1111111-1- 1
111101111- 1
1111011011 1
110111111- 1
1101111011 1
1101011111 1
1011111-11 1
1001111111 1
1011111110 1
1011011111 1
1111110-11 1
1101110111 1
1011110111 1
1111010111 1
1111110110 1
1111111-01 1
1111011101 1
1011111101 1
1101111101 1
1111111100 1
1111110101 1
11101111-1 1
1110011111 1
1110111011 1
1110110111 1
1100111111 1
1110111110 1
1010111111 1
1000010000 1
01111111-1 1
0111110111 1
0110111111 1
0111011111 1
0111111011 1
0101111111 1
0111111110 1
0100010000 1
0011111111 1
0000010010 1
0000011000 1
0010010000 1
0000010001 1
0000010100 1
0001010000 1
0000-10000 1
111110111- 1
1011101111 1
1111101011 1
1111001111 1
1101101111 1
1111101101 1
0111101111 1
0001001000 1
1110101111 1
0000001100 1
0010001000 1
1000001000 1
0000001001 1
0000001010 1
0100001000 1
0000-01000 1
1111100111 1
0001000001 1
0001000010 1
0001000100 1
0101000000 1
1001000000 1
0011000000 1
0001-00000 1
0100000001 1
1000000001 1
0000100001 1
0000000011 1
0010000001 1
0000000-01 1
0100100000 1
0010100000 1
1000100000 1
0000100100 1
00001000-0 1
0110000000 1
0010000010 1
1010000000 1
0010000-00 1
1000000010 1
0100000010 1
0000000-10 1
1100000000 1
1000000-00 1
0-00000-00 1
.e
